drone_profile = [0.168195, 0.116515, 0.442500, -0.036526; 
0.168461, 0.116772, 0.443500, -0.034673; 
0.168498, 0.116784, 0.443500, -0.033109; 
0.168535, 0.116760, 0.443500, -0.031881; 
0.168355, 0.116740, 0.443500, -0.031005; 
0.168254, 0.116719, 0.443000, -0.020173; 
0.167990, 0.116558, 0.442500, -0.022660; 
0.168524, 0.116832, 0.443500, -0.024382; 
0.168593, 0.116737, 0.443500, -0.025565; 
0.168476, 0.116672, 0.443000, -0.016307; 
0.168334, 0.116651, 0.443000, -0.009775; 
0.168449, 0.116740, 0.443500, -0.015238; 
0.168222, 0.116529, 0.442500, 0.000766; 
0.168209, 0.116692, 0.443000, 0.002085; 
0.168552, 0.116733, 0.443000, 0.002845; 
0.168007, 0.116365, 0.442000, 0.003216; 
0.168498, 0.116784, 0.443500, -0.006670; 
0.168346, 0.116629, 0.443000, -0.023981; 
0.168328, 0.116652, 0.443000, -0.016156; 
0.168291, 0.116621, 0.443000, -0.010512; 
0.168390, 0.116713, 0.443000, -0.026697; 
0.168373, 0.116651, 0.443000, -0.017984; 
0.168556, 0.116706, 0.443500, -0.021749; 
0.168121, 0.116489, 0.442500, -0.004333; 
0.168482, 0.116752, 0.443500, -0.011976; 
0.168349, 0.116598, 0.443000, -0.007458; 
0.168388, 0.116656, 0.443000, -0.004292; 
0.168279, 0.116581, 0.443000, -0.002088; 
0.168164, 0.116451, 0.442500, -0.010581; 
0.168370, 0.116719, 0.443000, -0.006718; 
0.167994, 0.116868, 0.441500, -0.013954; 
0.168053, 0.117726, 0.441000, -0.029200; 
0.168443, 0.118190, 0.440500, -0.009891; 
0.168325, 0.117149, 0.441000, -0.026103; 
0.168780, 0.116633, 0.442000, -0.017621; 
0.168801, 0.116600, 0.442000, -0.011509; 
0.168590, 0.116469, 0.441500, -0.017158; 
0.168753, 0.116581, 0.442000, -0.031329; 
0.168650, 0.116472, 0.441500, -0.031339; 
0.168541, 0.116360, 0.442000, -0.021113; 
0.167925, 0.115539, 0.442500, -0.023876; 
0.167103, 0.115214, 0.441500, -0.025840; 
0.168529, 0.116723, 0.442500, -0.027183; 
0.168389, 0.116531, 0.441500, -0.028074; 
0.168087, 0.116311, 0.440500, -0.028666; 
0.168376, 0.116391, 0.441000, -0.039378; 
0.168472, 0.116394, 0.441000, -0.026270; 
0.168372, 0.116767, 0.441000, -0.016896; 
0.169044, 0.118055, 0.441000, -0.010230; 
0.168210, 0.118338, 0.437000, -0.005636; 
0.170060, 0.118011, 0.434500, -0.012592; 
0.170708, 0.117294, 0.429000, -0.007513; 
0.172023, 0.116873, 0.424500, 0.006171; 
0.172804, 0.116329, 0.420000, 0.025824; 
0.173638, 0.116343, 0.417500, 0.029536; 
0.174007, 0.116141, 0.415500, 0.031897; 
0.173972, 0.115417, 0.415000, 0.043191; 
0.172821, 0.114036, 0.415000, 0.050902; 
0.171063, 0.113203, 0.416000, 0.036377; 
0.168174, 0.114444, 0.416500, 0.035424; 
0.164799, 0.115450, 0.416000, 0.024396; 
0.164020, 0.116038, 0.416500, 0.026347; 
0.164283, 0.116085, 0.416500, 0.027755; 
0.164806, 0.116328, 0.417000, 0.038642; 
0.164896, 0.116260, 0.417000, 0.046231; 
0.165029, 0.116385, 0.416500, 0.021589; 
0.166021, 0.117624, 0.417000, 0.013703; 
0.164334, 0.116720, 0.414587, 0.000000; 
0.166569, 0.117380, 0.409000, 0.007502; 
0.168786, 0.116776, 0.404000, 0.023910; 
0.170684, 0.116522, 0.398000, 0.035660; 
0.173809, 0.116474, 0.393000, 0.043926; 
0.176013, 0.115693, 0.386500, 0.059410; 
0.178694, 0.115796, 0.382000, 0.060716; 
0.180690, 0.115414, 0.377000, 0.080733; 
0.182107, 0.114670, 0.374000, 0.094433; 
0.180682, 0.113579, 0.371000, 0.085089; 
0.177536, 0.114175, 0.369500, 0.086884; 
0.172958, 0.115333, 0.366500, 0.087850; 
0.170201, 0.114768, 0.365500, 0.088464; 
0.168209, 0.115210, 0.364500, 0.088625; 
0.167873, 0.115256, 0.364000, 0.098102; 
0.167860, 0.115058, 0.363500, 0.095046; 
0.168082, 0.115486, 0.363500, 0.092667; 
0.168161, 0.116043, 0.363000, 0.081122; 
0.168042, 0.116493, 0.361500, 0.063217; 
0.168440, 0.116145, 0.360000, 0.059898; 
0.168750, 0.115826, 0.359000, 0.057640; 
0.168854, 0.115446, 0.359000, 0.075549; 
0.168981, 0.115509, 0.359500, 0.078544; 
0.168768, 0.115394, 0.359000, 0.090307; 
0.168673, 0.115402, 0.359000, 0.098226; 
0.168536, 0.115164, 0.359500, 0.094414; 
0.166953, 0.113800, 0.358500, 0.091770; 
0.165640, 0.113086, 0.358000, 0.099670; 
0.163827, 0.113501, 0.358000, 0.085875; 
0.161606, 0.114670, 0.357000, 0.094388; 
0.160698, 0.115162, 0.357000, 0.081399; 
0.160584, 0.115311, 0.357000, 0.072009; 
0.160797, 0.115296, 0.357000, 0.065369; 
0.160716, 0.115157, 0.356500, 0.070451; 
0.160926, 0.115234, 0.356500, 0.074267; 
0.160985, 0.115253, 0.356500, 0.076995; 
0.160854, 0.115196, 0.356000, 0.069315; 
0.160793, 0.115278, 0.356000, 0.063912; 
0.160903, 0.115301, 0.356000, 0.060144; 
0.160954, 0.115254, 0.356000, 0.057407; 
0.160932, 0.115250, 0.356000, 0.055652; 
0.160954, 0.115271, 0.356000, 0.054660; 
0.160852, 0.115090, 0.355500, 0.044101; 
0.161066, 0.115230, 0.356000, 0.046736; 
0.160373, 0.114169, 0.356000, 0.068336; 
0.158715, 0.113262, 0.355500, 0.074244; 
0.156551, 0.113725, 0.355000, 0.087868; 
0.154797, 0.115284, 0.354500, 0.106468; 
0.154582, 0.115274, 0.354500, 0.100810; 
0.154582, 0.115250, 0.354500, 0.096221; 
0.154598, 0.115243, 0.354500, 0.092659; 
0.154493, 0.115245, 0.354500, 0.089870; 
0.154293, 0.115102, 0.354000, 0.078400; 
0.154317, 0.115109, 0.354000, 0.070138; 
0.154565, 0.115305, 0.354500, 0.073812; 
0.154559, 0.115328, 0.354500, 0.076502; 
0.154277, 0.115021, 0.353500, 0.078752; 
0.154891, 0.115329, 0.354500, 0.080247; 
0.154381, 0.115052, 0.353500, 0.081357; 
0.154447, 0.115047, 0.353500, 0.082243; 
0.154396, 0.115059, 0.353500, 0.082761; 
0.154745, 0.115250, 0.354500, 0.082816; 
0.153465, 0.113841, 0.354000, 0.073391; 
0.152197, 0.113021, 0.354000, 0.066800; 
0.150436, 0.113083, 0.354500, 0.052220; 
0.147973, 0.114078, 0.354000, 0.071161; 
0.146569, 0.114946, 0.354500, 0.074926; 
0.146682, 0.115242, 0.355000, 0.087330; 
0.146716, 0.115228, 0.355000, 0.096021; 
0.146723, 0.115203, 0.355000, 0.102069; 
0.146762, 0.115251, 0.355000, 0.106277; 
0.146706, 0.115251, 0.355000, 0.109056; 
0.146894, 0.115354, 0.355500, 0.101473; 
0.146750, 0.115197, 0.355000, 0.105254; 
0.146701, 0.115156, 0.355000, 0.107715; 
0.146757, 0.115220, 0.355000, 0.109446; 
0.146786, 0.115189, 0.355000, 0.110604; 
0.146758, 0.115247, 0.355000, 0.111331; 
0.146710, 0.115170, 0.355000, 0.111709; 
0.146633, 0.115013, 0.355000, 0.111888; 
0.145697, 0.113824, 0.354500, 0.102648; 
0.144076, 0.112892, 0.354000, 0.086584; 
0.142967, 0.113085, 0.354500, 0.084483; 
0.142434, 0.114505, 0.355000, 0.073251; 
0.142568, 0.115196, 0.355500, 0.075167; 
0.142413, 0.114986, 0.355000, 0.086495; 
0.142497, 0.115143, 0.355500, 0.084850; 
0.142582, 0.115167, 0.355500, 0.083874; 
0.142490, 0.115094, 0.355500, 0.083051; 
0.142771, 0.115213, 0.356000, 0.072845; 
0.142698, 0.115080, 0.355500, 0.075524; 
0.142720, 0.115096, 0.355500, 0.077468; 
0.142952, 0.115221, 0.356000, 0.088508; 
0.142917, 0.115164, 0.356000, 0.096308; 
0.142937, 0.115176, 0.356000, 0.101824; 
0.142881, 0.115207, 0.356000, 0.086670; 
0.142896, 0.115185, 0.356000, 0.075661; 
0.142763, 0.114957, 0.356000, 0.067797; 
0.142165, 0.114156, 0.356000, 0.062342; 
0.140894, 0.113060, 0.356000, 0.058802; 
0.139109, 0.113313, 0.356000, 0.056334; 
0.138459, 0.114640, 0.356000, 0.054643; 
0.138399, 0.115036, 0.356000, 0.053645; 
0.138414, 0.115056, 0.356000, 0.053134; 
0.138584, 0.115218, 0.356500, 0.042916; 
0.138414, 0.115056, 0.356000, 0.045838; 
0.138414, 0.115056, 0.356000, 0.048129; 
0.138414, 0.115056, 0.356000, 0.049927; 
0.138431, 0.115033, 0.356000, 0.051321; 
0.138414, 0.115056, 0.356000, 0.052432; 
0.138414, 0.115056, 0.356000, 0.053304; 
0.138414, 0.115056, 0.356000, 0.053988; 
0.138417, 0.115045, 0.356000, 0.054521; 
0.138417, 0.115045, 0.356000, 0.054938; 
0.138414, 0.115056, 0.356000, 0.055269; 
0.138323, 0.114879, 0.356000, 0.055611; 
0.137480, 0.113977, 0.356000, 0.055774; 
0.136202, 0.112664, 0.355500, 0.046072; 
0.134817, 0.113198, 0.356500, 0.039065; 
0.132774, 0.114041, 0.355500, 0.033969; 
0.132540, 0.114634, 0.355500, 0.030486; 
0.132703, 0.114731, 0.355500, 0.028182; 
0.132782, 0.114803, 0.355500, 0.026680; 
0.132774, 0.114883, 0.355500, 0.025863; 
0.132779, 0.114844, 0.355500, 0.025400; 
0.132942, 0.115023, 0.356000, 0.035262; 
