thrust_array = [0.1681953594088554, 0.4425000250339508, 0, -9.250002503395082; 
0.1684605181217194, 0.4435000270605087, 0, -9.350002706050875; 
0.1684980317950248, 0.4435000270605087, 0, -9.350002706050873; 
0.1685240924358368, 0.4434500269591808, 0, 0; 
0.168360477898802, 0.4434143126010894, 0, 0; 
0.1682231966406107, 0.4429821627480643, 0, 0; 
0.1679769145945708, 0.4424404984428769, 0, 0; 
0.1682602458943923, 0.4429375249892473, -16.82602458943924, -9.293752498924734; 
0.1685303788011273, 0.4433958604931831, 0, 0; 
0.168589614952604, 0.4432500222076972, -16.8589614952604, -1571.750099956989; 
0.1684889436389009, 0.4431458525359631, -16.84889436389009, -1571.750099956989; 
0.1684473982701699, 0.4433958567678928, -16.84473982701699, -1571.750099956989; 
0.1682396701847513, 0.4427291906128327, 0, 0; 
0.1681162882596254, 0.4427291881293058, 0, 0; 
0.1684175965686639, 0.442958353087306, 0, 0; 
0.1681852266192436, 0.4423125274479389, 0, 0; 
0.1683775108928482, 0.4429791942238808, -16.83775108928482, -9.297919422388079; 
0.1683791078006228, 0.4431041994442542, 0, 0; 
0.168376215112706, 0.4431875254958868, 1705.132532678545, -9.318752549588682; 
0.1683007556324204, 0.4430416859686375, 1705.132532678545, -9.304168596863748; 
0.1683517042547464, 0.4430625258634487, 1705.132532678545, -9.306252586344879; 
0.16839633975178, 0.4429791873941819, 0, 0; 
0.1684659325207273, 0.443208359181881, 0, 0; 
0.1682950360700488, 0.4428958594799042, 0, 0; 
0.1683853759119908, 0.4432291947305202, 0, 0; 
0.1683538164943457, 0.4431041870266199, -16.83538164943457, -9.310418702661993; 
0.1683647967875004, 0.4430208510408798, 0, 0; 
0.1683153829847773, 0.442979184910655, -16.83153829847773, -1572.41674810648; 
0.168202742934227, 0.4426250209410985, -16.8202742934227, -1572.41674810648; 
0.1683029007787506, 0.4428333540757497, -16.83029007787506, -1572.41674810648; 
0.1680463093022505, 0.4417916896442572, 0, 0; 
0.1680373422180613, 0.4411041953911384, 0, 0; 
0.1682896465063095, 0.4403541907668114, 0, 0; 
0.1683732795839508, 0.4405208608756462, 0, 0; 
0.1687102525805434, 0.4415208641439676, -16.87102525805434, -9.152086414396765; 
0.1688812862460812, 0.4421458660314481, 0, 0; 
0.168786495923996, 0.4421458592017492, 1706.13075774163, -9.214585920174919; 
0.1687232901652654, 0.442104185000062, 1706.13075774163, -9.210418500006201; 
0.1686332266156872, 0.4416458526005348, 1706.13075774163, -9.164585260053478; 
0.1685410166780154, 0.4416875255604585, 0, 0; 
0.168034014912943, 0.4422291939457257, 0, 0; 
0.1672735822697481, 0.4419166930019855, 0, 0; 
0.1679066807652513, 0.4423125262061754, 0, 0; 
0.1682581001271804, 0.4417500228931507, -16.82581001271804, -9.175002289315067; 
0.168319915731748, 0.4407916863759359, 0, 0; 
0.1685054836173852, 0.4405833594501019, -16.85054836173852, -1567.000091572603; 
0.1685864369695385, 0.4407291865597169, -16.85864369695386, -1567.000091572603; 
0.1683969137569268, 0.4409375147273144, -16.83969137569268, -1567.000091572603; 
0.1687285276129842, 0.4410000126808882, 0, 0; 
0.1685590880612532, 0.438395840426286, 0, 0; 
0.1695916842048367, 0.4349791835993528, 0, 0; 
0.1705628329267104, 0.4295000210404396, 0, 0; 
0.1719636668761571, 0.4241666893164316, -17.19636668761571, -7.416668931643169; 
0.1730506451179584, 0.419208362698555, 0, 0; 
0.1739045946548382, 0.4162291909257571, 1715.891000628471, -6.62291909257571; 
0.1743280744800965, 0.4146666837235292, 1715.891000628471, -6.466668372352919; 
0.1740869429583351, 0.4142916835844517, 1715.891000628471, -6.429168358445168; 
0.1732119657099247, 0.4150000202159086, 0, 0; 
0.1713392129167914, 0.416104178254803, 0, 0; 
0.1684728749096394, 0.4170416804651419, 0, 0; 
0.1648481789355477, 0.4168541779120763, 0, 0; 
0.1629800669228037, 0.4168750134607156, -16.29800669228037, -6.687501346071563; 
0.1629835944622755, 0.4166250160584847, 0, 0; 
0.1641206769272685, 0.4168125142653783, -16.41206769272685, -1467.500053842863; 
0.1651580352336168, 0.4169375120351712, -16.51580352336168, -1467.500053842863; 
0.1657600409040848, 0.4167500138282776, -16.57600409040848, -1467.500053842863; 
0.1663464466109872, 0.4169166895250479, 0, 0; 
0.165048647842377, 0.4151864806407362, 0, 0; 
0.1659327067022304, 0.4104075520870909, 0, 0; 
0.1680721274750027, 0.4044900359258991, 0, 0; 
0.1705189932804441, 0.3978297368007918, -17.05189932804441, -4.782973680079178; 
0.173720872912646, 0.3919058408294179, 0, 0; 
0.1765053302808013, 0.3858016720368523, 1711.556979841332, -3.580167203685229; 
0.1791799259728328, 0.3812880670346835, 1711.556979841332, -3.128806703468359; 
0.180925879365364, 0.3767608618036848, 1711.556979841332, -2.676086180368483; 
0.1824802964304884, 0.3733541791637738, 0, 0; 
0.1816726280376315, 0.3707291763275862, 0, 0; 
0.1785002816468477, 0.3692083526402712, 0, 0; 
0.1735550643255313, 0.3671041888495286, 0, 0; 
0.1692884614070256, 0.3655833539863427, -16.92884614070256, -1.558335398634277; 
0.1666550254449248, 0.3645833513389031, 0, 0; 
0.1662782278532783, 0.3639166876673698, -16.62782278532783, -1262.333415945371; 
0.167210664289693, 0.3636041817565759, -16.7210664289693, -1262.333415945371; 
0.1682737624893585, 0.3635833455870549, -16.82737624893586, -1262.333415945371; 
0.1688169138506055, 0.3633750186612208, 0, 0; 
0.1686243740841746, 0.3620000233252843, 0, 0; 
0.1686442332963149, 0.3603541956593593, 0, 0; 
0.1687337998300791, 0.3588750194758177, 0, 0; 
0.1688994392752647, 0.3583958577364683, -16.88994392752647, -0.8395857736468337; 
0.1690445458516479, 0.3588750207175811, 0, 0; 
0.1689305258914828, 0.3591458573937416, 1706.698317825794, -0.914585739374163; 
0.1687214371437828, 0.3593333605676889, 1706.698317825794, -0.9333360567688964; 
0.1684737034762899, 0.3596041910350323, 1706.698317825794, -0.9604191035032292; 
0.1673057284206152, 0.3588958537826936, 0, 0; 
0.1658138359586398, 0.3581041768193245, 0, 0; 
0.163891799437503, 0.3578125188748042, 0, 0; 
0.1615940996756156, 0.3571041884521644, 0, 0; 
0.1601384356617928, 0.3567500145485004, -16.01384356617928, -0.67500145485004; 
0.1598710023487607, 0.3567916763325532, 0, 0; 
0.1603974637885888, 0.3570000063627958, -16.03974637885888, -27.0000581940016; 
0.1608049046869079, 0.3566666767001152, -16.08049046869079, -27.0000581940016; 
0.1612573266029358, 0.356541679551204, -16.12573266029358, -27.0000581940016; 
0.1613527092461784, 0.3565208508322636, 0, 0; 
0.161059466501077, 0.3560625221580267, 0, 0; 
0.1608404147749146, 0.355937521904707, 0, 0; 
0.1608374391992887, 0.355937521904707, 0, 0; 
0.1609089784324169, 0.3559791880349318, -16.09089784324169, -0.597918803493184; 
0.1609190177793304, 0.3559791880349318, 0, 0; 
0.1609760141000151, 0.3560416872302691, 1682.726935297251, -0.6041687230269136; 
0.1609137477353215, 0.355708347633481, 1682.726935297251, -0.5708347633481048; 
0.1609967757637302, 0.3558125179260969, 1682.726935297251, -0.5812517926096938; 
0.1605568264300624, 0.3559375094870726, 0, 0; 
0.1591652991871039, 0.3556666765362024, 0, 0; 
0.1569324806332588, 0.3551666823526223, 0, 0; 
0.1546822677676876, 0.3545625240852435, 0, 0; 
0.153737673535943, 0.3542916843046744, -15.3737673535943, -0.4291684304674488; 
0.1537995642671982, 0.35422917890052, 0, 0; 
0.1543905918175975, 0.3544375101725261, -15.43905918175975, -17.16673721869795; 
0.1548036700114608, 0.3545833403865497, -15.48036700114608, -17.16673721869795; 
0.1547536641980211, 0.3542500132073959, -15.47536641980211, -17.16673721869795; 
0.1545116767908136, 0.3540208513538043, 0, 0; 
0.1544631803408265, 0.3542500156909227, 0, 0; 
0.154547533330818, 0.3544583444794019, 0, 0; 
0.1544130618373553, 0.3538750186562538, 0, 0; 
0.1547593024248878, 0.3542500138282776, -15.47593024248878, -0.425001382827761; 
0.1545541314408183, 0.3537500202655792, 0, 0; 
0.15444208898892, 0.3534166912237803, 1664.277907274663, -0.3416691223780336; 
0.1543701107924183, 0.353354192028443, 1664.277907274663, -0.335419202844304; 
0.1546172937378287, 0.3541666815678279, 1664.277907274663, -0.4166681567827882; 
