drone_profile = [0.011749, 0.125091, 0.376500, 0.136449; 
0.011791, 0.125147, 0.376500, 0.136440; 
0.011801, 0.125283, 0.377000, 0.126666; 
0.011794, 0.125179, 0.376500, 0.129492; 
0.011761, 0.125207, 0.376500, 0.131516; 
0.011773, 0.125099, 0.376000, 0.142446; 
0.011743, 0.125182, 0.376000, 0.150284; 
0.011757, 0.125033, 0.376000, 0.155976; 
0.011665, 0.124037, 0.375500, 0.169229; 
0.011478, 0.121337, 0.375500, 0.159803; 
0.011568, 0.116987, 0.376000, 0.162366; 
0.011613, 0.110859, 0.376000, 0.163882; 
0.011792, 0.103696, 0.376500, 0.174268; 
0.012304, 0.095739, 0.376500, 0.181363; 
0.012975, 0.087181, 0.376000, 0.176353; 
0.013780, 0.078193, 0.374000, 0.173150; 
0.014846, 0.069824, 0.372000, 0.151826; 
0.016370, 0.062483, 0.373500, 0.183692; 
];