drone_profile = [-0.005532, 0.125748, 0.398500, 0.239858; 
-0.005520, 0.125782, 0.398500, 0.241236; 
-0.005520, 0.125782, 0.398500, 0.242194; 
-0.005551, 0.125654, 0.398000, 0.233476; 
-0.005549, 0.125897, 0.398500, 0.236487; 
-0.005603, 0.125902, 0.398000, 0.229265; 
-0.005661, 0.126005, 0.398000, 0.224278; 
-0.005639, 0.126072, 0.398000, 0.220694; 
-0.005676, 0.126072, 0.398000, 0.218085; 
-0.005816, 0.125135, 0.397500, 0.225839; 
-0.006354, 0.123557, 0.397500, 0.231723; 
-0.006921, 0.121360, 0.397500, 0.235779; 
-0.007451, 0.118150, 0.397000, 0.229364; 
-0.007884, 0.114243, 0.395000, 0.226061; 
-0.008770, 0.110458, 0.395000, 0.242020; 
-0.009560, 0.106163, 0.393500, 0.243629; 
-0.010444, 0.102106, 0.391500, 0.225809; 
-0.011363, 0.098433, 0.390000, 0.241746; 
-0.012537, 0.095368, 0.389000, 0.252489; 
-0.013630, 0.092636, 0.387500, 0.269526; 
];