drone_profile = [0.010605, 0.127031, 0.442500, 0.356027; 
0.010561, 0.127230, 0.443000, 0.351316; 
0.010598, 0.127177, 0.443000, 0.347646; 
0.010560, 0.127327, 0.443000, 0.345287; 
0.010643, 0.127327, 0.443000, 0.362542; 
0.010598, 0.127321, 0.443000, 0.374399; 
0.010307, 0.126243, 0.442500, 0.354194; 
0.010037, 0.123540, 0.441500, 0.359332; 
0.009782, 0.119958, 0.442500, 0.381108; 
0.008950, 0.114788, 0.442500, 0.397142; 
0.008272, 0.108748, 0.444000, 0.397354; 
0.007471, 0.101780, 0.444000, 0.379309; 
0.006694, 0.094144, 0.443000, 0.367597; 
0.006083, 0.086834, 0.444500, 0.386186; 
0.005285, 0.079797, 0.445000, 0.371328; 
0.004939, 0.072731, 0.444000, 0.361596; 
0.004651, 0.066552, 0.444500, 0.364105; 
0.004215, 0.060786, 0.444500, 0.346805; 
0.004156, 0.055676, 0.444500, 0.336289; 
0.003967, 0.051342, 0.447000, 0.336820; 
];